world: 5db17513-1797-4ebd-a84f-df56e2ed584f
world-name: world
x: 10198.666974253636
y: 66.0
z: 10126.754802900821
yaw: 25.561861038208008
pitch: 88.95010375976562
name: Spawn
lastowner: b1204afe-e762-3aeb-883b-49994fc29b5d
